1.000000000000000056e-01 9.900000000000000000e+01 6.160029107337176013e-01
1.000000000000000056e-01 2.970000000000000000e+02 1.879415944132869498e-01
1.000000000000000056e-01 4.950000000000000000e+02 8.562658701297976016e-01
1.000000000000000056e-01 6.930000000000000000e+02 6.860627464563706646e-01
1.000000000000000056e-01 8.910000000000000000e+02 8.363332084925034771e-01
2.999999999999999889e-01 9.900000000000000000e+01 1.354236639483863969e-01
2.999999999999999889e-01 2.970000000000000000e+02 1.196734004429087950e+00
2.999999999999999889e-01 4.950000000000000000e+02 8.026612409825930605e-01
2.999999999999999889e-01 6.930000000000000000e+02 4.421510968563295840e-01
2.999999999999999889e-01 8.910000000000000000e+02 1.176459961345897032e+00
5.000000000000000000e-01 9.900000000000000000e+01 1.640521170909892135e-01
5.000000000000000000e-01 2.970000000000000000e+02 1.210039169966594663e-01
5.000000000000000000e-01 4.950000000000000000e+02 4.202493719311664044e-01
5.000000000000000000e-01 6.930000000000000000e+02 9.449575475962022075e-01
5.000000000000000000e-01 8.910000000000000000e+02 6.006829929062840190e-01
6.999999999999999556e-01 9.900000000000000000e+01 3.908272720504760711e-01
6.999999999999999556e-01 2.970000000000000000e+02 1.506901326958333120e-01
6.999999999999999556e-01 4.950000000000000000e+02 3.841323189051011333e-01
6.999999999999999556e-01 6.930000000000000000e+02 1.034184508732066465e+00
6.999999999999999556e-01 8.910000000000000000e+02 5.265797871130151186e-01
9.000000000000000222e-01 9.900000000000000000e+01 3.269440225811908185e-01
9.000000000000000222e-01 2.970000000000000000e+02 6.371739515538821230e-01
9.000000000000000222e-01 4.950000000000000000e+02 1.164888673237071348e+00
9.000000000000000222e-01 6.930000000000000000e+02 7.898424200327256450e-01
9.000000000000000222e-01 8.910000000000000000e+02 1.579608564744334753e-01
1.100000000000000089e+00 9.900000000000000000e+01 3.514777950556138286e-01
1.100000000000000089e+00 2.970000000000000000e+02 1.438742213657603575e+00
1.100000000000000089e+00 4.950000000000000000e+02 4.566987508451993971e-01
1.100000000000000089e+00 6.930000000000000000e+02 8.603290848047593364e-01
1.100000000000000089e+00 8.910000000000000000e+02 5.794443420679429302e-01
1.300000000000000044e+00 9.900000000000000000e+01 1.579024306539055234e-01
1.300000000000000044e+00 2.970000000000000000e+02 8.241423897058823833e-01
1.300000000000000044e+00 4.950000000000000000e+02 3.886780075342515239e-01
1.300000000000000044e+00 6.930000000000000000e+02 1.670483622905947207e-01
1.300000000000000044e+00 8.910000000000000000e+02 8.179767203445953427e-01
1.500000000000000000e+00 9.900000000000000000e+01 6.532204756017336855e-01
1.500000000000000000e+00 2.970000000000000000e+02 4.072655967981675396e-01
1.500000000000000000e+00 4.950000000000000000e+02 6.599753431589463482e-01
1.500000000000000000e+00 6.930000000000000000e+02 6.742462448389390239e-01
1.500000000000000000e+00 8.910000000000000000e+02 8.268312744409898052e-01
1.699999999999999956e+00 9.900000000000000000e+01 1.481375747835691481e-01
1.699999999999999956e+00 2.970000000000000000e+02 1.251657896450267149e+00
1.699999999999999956e+00 4.950000000000000000e+02 8.572466645595766543e-01
1.699999999999999956e+00 6.930000000000000000e+02 1.018259816578135801e+00
1.699999999999999956e+00 8.910000000000000000e+02 1.332929306438670469e+00
1.899999999999999911e+00 9.900000000000000000e+01 3.231284893830297378e-01
1.899999999999999911e+00 2.970000000000000000e+02 1.779736809046128521e-01
1.899999999999999911e+00 4.950000000000000000e+02 1.246267729213939024e+00
1.899999999999999911e+00 6.930000000000000000e+02 4.018746904583880841e-01
1.899999999999999911e+00 8.910000000000000000e+02 1.007956148075641156e+00
