1.000000000000000056e-01 1.000000000000000000e+00 1.906811962727132936e-01
1.000000000000000056e-01 2.000000000000000000e+00 6.092721495983339786e-01
2.999999999999999889e-01 1.000000000000000000e+00 7.938182958837161074e-01
2.999999999999999889e-01 2.000000000000000000e+00 6.226757002851672773e-01
5.000000000000000000e-01 1.000000000000000000e+00 4.702351621897080669e-01
5.000000000000000000e-01 2.000000000000000000e+00 5.296749246235412656e-01
6.999999999999999556e-01 1.000000000000000000e+00 1.353242924821751458e-01
6.999999999999999556e-01 2.000000000000000000e+00 3.471313987133242129e-01
9.000000000000000222e-01 1.000000000000000000e+00 6.769045863506533145e-01
9.000000000000000222e-01 2.000000000000000000e+00 9.123832515985825786e-01
1.100000000000000089e+00 1.000000000000000000e+00 1.046376161983714415e+00
1.100000000000000089e+00 2.000000000000000000e+00 1.200942156111929560e+00
1.300000000000000044e+00 1.000000000000000000e+00 1.133828311369032615e+00
1.300000000000000044e+00 2.000000000000000000e+00 1.190507464817271543e+00
1.500000000000000000e+00 1.000000000000000000e+00 9.073950580866196880e-01
1.500000000000000000e+00 2.000000000000000000e+00 1.342398591053060919e+00
1.699999999999999956e+00 1.000000000000000000e+00 1.301356501590780645e+00
1.699999999999999956e+00 2.000000000000000000e+00 1.420832456039966107e+00
1.899999999999999911e+00 1.000000000000000000e+00 8.991842798502305278e-01
1.899999999999999911e+00 2.000000000000000000e+00 7.692936352940509259e-01
1.899999999999999911e+00 2.000000000000000000e+00 1.353242924821751458e-01
